1 1
16 16
1 9 3 5 6 2 7 5 1 8 9 2 3 4 9 1
7 0 0 0 0 0 0 0 0 0 0 0 0 0 0 3
1 0 3 6 3 5 3 4 3 9 3 0 1 0 0 3
5 0 0 0 0 0 0 0 0 0 0 0 6 0 0 7
1 4 2 0 0 0 0 0 0 0 0 0 2 0 0 1
2 0 0 0 9 5 1 2 0 0 0 0 1 3 0 9
8 0 0 0 5 0 0 7 5 4 1 3 6 0 0 1
3 0 5 0 3 0 0 1 0 0 2 0 0 0 0 6
1 0 2 0 4 0 0 9 0 0 7 0 0 0 0 1
5 0 1 0 1 0 0 0 0 0 1 0 0 6 3 1
9 0 0 0 3 6 1 3 0 0 5 0 0 0 0 2
6 0 0 0 0 0 0 0 0 0 7 0 0 0 0 9
3 0 0 0 0 0 0 0 0 0 1 4 0 1 3 1
1 0 2 0 4 0 0 0 2 0 0 0 0 0 0 5
9 0 0 0 0 0 0 0 0 0 0 1 0 0 0 2
1 8 1 5 1 3 1 6 7 4 3 1 4 9 1 1
20
1 10 1
2 1 14
3 2 14
4 3 14
5 6 13
1 7 14
1 8 11
2 9 12
3 11 14
4 12 12
5 14 12
1 14 14
2 14 10
3 8 8
4 7 8
5 7 9
1 8 9
2 6 5
3 8 6
4 9 6
5 14 4
1 14 2
2 13 1
3 12 5
4 12 6
5 6 2
1 7 3
2 3 3
3 4 5
4 5 8
5 3 9
1 5 10